[office]
lat = -20.466261
lon = -45.428119
potsaida = 50

[boolean]
gplot = "False"
matplot = "True"

[constantes]
esquinamax = 16

[equipamentos]
divisor1_2 = 4
divisor1_4 = 7
divisor1_8 = 11
divisor1_16 = 15
divisor1_32 = 19
divisor1_64 = 23
conector = 0.75
emendafusao = 0.1

[cabo]
mono_1300 = 1.0
mono_1310 = 0.35
mono_1550 = 0.2
